-3.0 0.5
100
-2.0 2.0 1.0 2.0		0
-2.0 2.0 1.0 3.0		0
1.0 2.0 1.0 3.0			0
2.0 2.0 2.0 -1.0		1
2.0 -1.0 3.0 -1.0		0
3.0 -1.0 3.0 2.0		1
3.0 2.0 2.0 2.0			0
-2.0 -1.0 1.0 -1.0		1
1.0 -1.0 1.0 -2.0		1
1.0 -2.0 -2.0 -1.0		0
-4.0 0.0 -4.0 1.0		3
-4.0 1.0 -2.0 3.0		3
-2.0 3.0 1.0 4.0		3
-2.0 -2.0 -4.0 0.0		3
1.0 -3.0 -2.0 -2.0		3
4.0 -3.0 1.0 -3.0		3
7.0 -2.0 4.0 -3.0		3
4.0 4.0 7.0 3.0			3
7.0 3.0 8.0 0.5			3
8.0 0.5 7.0 -2.0		3
1.0 4.0 4.0 4.0			3
5.0 2.0 5.0 -1.0		4
5.0 -1.0 6.0 0.0		4
6.0 0.0 6.0 1.0			4
6.0 1.0 5.0 2.0			4
-9999
100
1.0 0.5 0.5				7
1.0 1.5 0.75			8
1.0 -0.5 0.5			9
0.0 0.5 0.5				10
-1.0 3.0 0.5			10
0.0 -2.5 0.5			10
-1.5 -1.5 1.0			12
4.0 1.5 1.0				11
4.0 -0.5 1.0			13
7.0 0.5 1.0				12
5.0 2.5 0.5				6
5.0 -1.5 0.75			8
6.5 2 0.5				10
6.5 -1.0 0.5			7
-9999